"species","Tmax","Tmean","latitude","longitude","GPP","GPP_max","humidity","precipitation"
"Eucalyptus absita x Eucalyptus loxophleba",24.5025,18.475,-30.49585,115.606225,0.007075,0.007075,86.307242,48.360665
"Eucalyptus aequans",17.218334,12.7,-33.7167,150.3667,0.0303,0.0303,89.94057,114.91282
"Eucalyptus ambigua",13.576771125,10.0125,-41.7027076792125,145.91061945875,0.0481,0.0481,94.847518125,136.8781225
"Eucalyptus amygdalina x Eucalyptus risdonii",16.6125,12.6,-42.8167,147.3167,NA,NA,88.89132,50.54648
"Eucalyptus amygdalina x Eucalyptus sieberi",16.3483335,11.5,-41.725,147.73335,0.04195,0.04195,93.76147,64.5171815
"Eucalyptus angularis",24.9119453333333,19.1166666666667,-30.2833333333333,115.283333333333,0.00516666666666667,0.00516666666666667,85.4662358333333,49.8098851666667
"Eucalyptus aridimontana",29.3455453970588,22.7477941176471,-22.759285584136,118.318991641394,NA,NA,67.7871248970588,30.8586117132353
"Eucalyptus armillata x Eucalyptus orthostemon",24.33,18.2,-31.0642,116.4936,0.005,0.005,91.7059,35.45766
"Eucalyptus aspersa",21.8737639327731,15.9554621848739,-32.7814401752849,116.824296018771,NA,NA,93.9654592731092,53.1853434915966
"Eucalyptus aurifodina",18.8670372222222,13.2666666666667,-37.1353259017667,143.866328551333,0.0214555555555556,0.0214555555555556,95.0805492222222,50.1127708333333
"Eucalyptus austrina",22.5768749375,16.66875,-33.1732291645813,119.837812497919,0.01585,0.01585,90.14783875,30.6778060625
"Eucalyptus bipileata",24.1315741111111,17.6,-30.7574299108889,149.763269123333,0.0226666666666667,0.0226666666666667,89.346385,50.980027
"Eucalyptus boormanii",22.214167,17.6,-33.9167,151.0167,NA,NA,86.65067,77.220634
"Eucalyptus brevirostris",16.528333,11.75,-36.650765,147.148221,NA,NA,91.973638,82.080118
"Eucalyptus broviniensis",25.7552779333333,19.64,-25.9879548425733,151.241923939387,0.02106,0.02106,86.106752,62.2524306666667
"Eucalyptus bunyip",18.5121376956522,13.6478260869565,-37.9774442995217,145.656431256039,0.0498478260869565,0.0498478260869565,91.8489973043478,92.9781650434783
"Eucalyptus campanifructa",25.425833,19.2,-31.2167,146.95,0.0245,0.0245,88.312965,34.907375
"Eucalyptus canobolensis",15.9173643532609,11.3146739130435,-33.3728020572277,148.988149691529,NA,NA,99.3228979782609,81.565569625
"Eucalyptus carolaniae",17.8328338666667,14.3333333333333,-38.2785785925333,145.023549511113,0.02738,0.02738,95.4901921333333,66.3029441333333
"Eucalyptus castrensis",22.1650043809524,16.5174603174603,-33.0892510206608,150.90139774213,NA,NA,89.350337047619,61.7897588941799
"Eucalyptus chrysantha",21.956316,16.4736842105263,-33.9421052631579,119.773684210526,0.0189421052631579,0.0189421052631579,89.7754251578947,38.4132284210526
"Eucalyptus conferta",18.2202775,12.8583333333333,-37.2210870369583,144.233847222208,0.0254833333333333,0.0254833333333333,93.9361626666667,56.5771585
"Eucalyptus conica x Eucalyptus fibrosa subsp. nubilis",22.776667,16.8,-31.8667,149.2667,0.0254,0.0254,91.88739,49.427185
"Eucalyptus conjuncta",22.0995262745098,15.4921568627451,-31.7897887114667,150.884586592902,0.0327803921568627,0.0327803921568627,86.7949998235294,66.0284498431373
"Eucalyptus costata",20.9659721666667,15.0333333333333,-36.2060722219333,141.055459259267,0.0101833333333333,0.0101833333333333,91.6264788333333,37.71613
"Eucalyptus costuligera",33.6122920625,26.825,-16.05,127.15625,0.0077375,0.0077375,75.875575625,60.92456875
"Eucalyptus cuspidata",20.8195,16.02,-34.4232148251,118.976504614,0.02092,0.02092,89.874492,48.4082768
"Eucalyptus dalrympleana x Eucalyptus viminalis",15.924881,11.0357142857143,-34.0916714285714,149.84165,0.0503142857142857,0.0503142857142857,91.7049621428571,75.6791235714286
"Eucalyptus dalveenica",20.383333,15.2,-28.4957777778,151.9626666667,0.0248,0.0248,87.07046,71.24737
"Eucalyptus Dartmoor",26.9413885,20.4666666666667,-27.9886109625333,115.192222426667,0.00183333333333333,0.00183333333333333,85.2886133333333,23.352512
"Eucalyptus decipiens x Eucalyptus dorrienii",16.360834,12.3,-34.3833,118.25,0.0317,0.0317,93.67778,57.378536
"Eucalyptus decipiens x Eucalyptus ecostata",19.658333,15,-34.35,117.7833,0.0263,0.0263,92.03803,40.80822
"Eucalyptus distuberosa",23.985474744186,17.5476744186047,-31.7067216774849,121.231499600315,NA,NA,88.5215220232558,23.514670372093
"Eucalyptus dorrienii x Eucalyptus obesa",21.9344443333333,15.9333333333333,-33.0635333333333,118.1371,0.0055,0.0055,92.13572,31.1111106666667
"Eucalyptus Dunbar-Road",24.04499975,17.4,-31.6866666667,119.585555555,0.01535,0.01535,90.067645,25.129174
"Eucalyptus Esperance",22.0845557333333,16.5333333333333,-33.1466666666667,122.626666666667,0.0159666666666667,0.0159666666666667,87.9370345333333,32.7927974
"Eucalyptus expressa",21.7650001162791,16.2372093023256,-32.9276284836,150.877502265023,0.0534,0.0534,89.0670387906977,70.9247942790698
"Eucalyptus farinosa",25.6231477777778,19.8,-25.2913657558389,146.637562078872,NA,NA,82.5192344444444,54.8971242222222
"Eucalyptus forresterae",12.6674481875,8.41875,-36.72999236105,148.184164375,0.05340625,0.05340625,93.3840694375,99.955303625
"Eucalyptus forthiana",22.154167,17.6,-32.2667,151.8667,0.0455,0.0455,87.61334,99.224915
"Eucalyptus fracta",21.7096937435897,16.3752136752137,-32.766946497259,151.177219554744,NA,NA,88.8474758803419,72.04462
"Eucalyptus frenchiana",23.7568953333333,17.4117647058824,-32.0058823529412,120.854901960784,0.0103686274509804,0.0103686274509804,88.5817875098039,22.7996793921569
"Eucalyptus Glasshouse-Mountains",23.8241667142857,19.4285714285714,-27.1327879295857,152.985630883357,0.0155571428571429,0.0155571428571429,85.3531122857143,133.263287142857
"Eucalyptus globulus x Eucalyptus ovata",17.5383335,12.75,-39.15415,148.15415,0.04315,0.04315,91.567824,62.048894
"Eucalyptus globulus x Eucalyptus viminalis",14.435833,10.8,-42.9333,147.3333,0.0207,0.0207,90.07549,65.394005
"Eucalyptus graniticola",21.2495835,16.175,-32.8253223716,115.9712078225,0.0308,0.0308,92.8997475,101.774034
"Eucalyptus Great-Victoria-Desert",24.562708,18.0625,-31.13828336057,127.190280655,NA,NA,84.7620233,21.4738817
"Eucalyptus gregoryensis",31.731417877193,25.2789473684211,-18.714691832986,132.859789647947,NA,NA,78.9469874035088,54.4268613684211
"Eucalyptus Howes-Swamp-Creek",21.72423625,16.0166666666667,-33.0934281026917,150.70583913075,0.035925,0.035925,89.3451208333333,72.0277179166667
"Eucalyptus hybrida",22.2280553333333,17.5666666666667,-33.5101971412667,151.1728560936,0.0217666666666667,0.0217666666666667,88.8092933333333,93.17822
"Eucalyptus infracorticata",25.380417,18.75,-30.46,123.45665,0.0095,0.0095,82.9174,18.125
"Eucalyptus kalganensis",20.0752885384615,15.4230769230769,-34.4692307692308,118.180769230769,0.0202653846153846,0.0202653846153846,90.8514126538462,42.5689805384615
"Eucalyptus Killarney",33.8092507,27.16,-16.79968785597,130.6963870971,0.01006,0.01006,74.9231351,49.9683821
"Eucalyptus kirtoniana",NA,18.2133101805556,-31.7729843131389,152.404838514556,NA,NA,NA,NA
"Eucalyptus Lake-Magenta",21.6347223333333,15.8888888888889,-33.5690448502111,118.962839558889,0.0114333333333333,0.0114333333333333,90.8571816666667,30.7770177777778
"Eucalyptus Little-Sandy-Desert",28.9822804736842,22.1881578947368,-25.6091693583118,121.798269297632,0.00443026315789474,0.00443026315789474,74.6576501710526,18.5080623289474
"Eucalyptus luehmanniana x Eucalyptus obstans",21.663334,17.7,-33.7333,151.2333,0.0674,0.0674,86.63044,103.26398
"Eucalyptus microschema",NA,16.0173076153846,-33.4359,121.6859,NA,NA,NA,NA
"Eucalyptus Montejinni-Station",34.1609850909091,27.4454545454545,-16.5628979443818,129.912002199273,0.0110909090909091,0.0110909090909091,74.9501901818182,52.9254072727273
"Eucalyptus Mt-Hope-Homestead",28.9089100769231,23.1615384615385,-20.2214673902615,146.261667288077,0.00783076923076923,0.00783076923076923,80.3402165384615,56.5868464615385
"Eucalyptus Mt-Short",20.937638875,15.4208333333333,-33.938957930725,126.2677664325,0.0198791666666667,0.0198791666666667,90.6266350416667,38.2413155833333
"Eucalyptus mundijongensis",22.7520238571429,17.6714285714286,-32.4714285714286,115.771428571429,NA,NA,87.8593845714286,73.3038537142857
"Eucalyptus nebulosa",14.474389,10.95,-41.689507128416,145.38584095596,0.0457333333333333,0.0457333333333333,98.0806788333333,185.121112
"Eucalyptus North-Balladonia",24.7167858095238,18.1619047619048,-31.6399019788619,123.602126665238,0.0103857142857143,0.0103857142857143,84.8811315714286,19.0267367619048
"Eucalyptus obesa x Eucalyptus sp. Southern wheatbelt (D.Nicolle & M.French DN 5507)",21.91,16.3,-33.2117,120.7106,0.0165,0.0165,90.22464,29.105299
"Eucalyptus obliqua x Eucalyptus regnans",15.4565150909091,11.4727272727273,-37.8505732272727,146.832894954545,0.0616818181818182,0.0616818181818182,94.4911045454545,109.469050909091
"Eucalyptus opimiflora",25.2536413369565,19.2228260869565,-29.9649158777826,115.44120531913,NA,NA,85.8913018586957,43.2705036086957
"Eucalyptus ornans",19.0778208461538,13.9384615384615,-37.8050042735077,146.873247008546,0.0565076923076923,0.0565076923076923,91.0589488461538,57.6315507692308
"Eucalyptus orthostemon x Eucalyptus vegrandis",21.32875,15.9,-33.74515,118.0729,0.0066,0.0066,91.578845,31.858159
"Eucalyptus ovata x Eucalyptus viminalis",18.7120835,14.44,-36.82666,142.85334334,0.03329,0.03329,91.5199,62.2096793
"Eucalyptus oxypoma",21.5306248125,15.31875,-36.079895833225,143.680814583338,NA,NA,93.7594446875,33.752157375
"Eucalyptus paradoxa",19.0775,14.5,-37.8667,147.85,0.0424,0.0424,90.66448,59.674995
"Eucalyptus paralimnetica",23.3005,17.12,-32.534,122.218,0.00936,0.00936,87.94258,24.4487596
"Eucalyptus patentinervis",23.98625,18.8,-30.64335,150.45165,0.042,0.042,87.7961525,91.817675
"Eucalyptus penrithensis",21.6008333333333,17.3333333333333,-33.7555666666667,151.133366666667,NA,NA,86.8166353333333,99.1603633333333
"Eucalyptus petrophila",16.115,12,-33.63,150.28,0.021,0.021,90.65283,98.885315
"Eucalyptus populnea x Eucalyptus thozetiana",27.028334,20.4,-28.45,149.3833,0.0128,0.0128,86.19255,44.17749
"Eucalyptus praetermissa",NA,16.0111111111111,-34.41852,120.380742222222,NA,NA,NA,NA
"Eucalyptus provecta",29.3875164356436,23.3049504950495,-19.4657509754307,143.905763572868,0.0117554455445545,0.0117554455445545,79.5221564554455,63.0685741881188
"Eucalyptus pyrenea",17.6580555,12.3833333333333,-37.1042082806667,143.368170119542,0.032375,0.032375,95.61137975,58.5343036666667
"Eucalyptus Queen-Victoria-Spring",25.6236955217391,18.9478260869565,-30.2901728278957,123.539938374348,0.00784782608695652,0.00784782608695652,82.460719826087,17.9622546086957
"Eucalyptus quinniorum",21.0102815827338,14.5604316546763,-30.5770148920719,150.991376570658,0.0270474820143885,0.0270474820143885,89.1198998417266,63.718212618705
"Eucalyptus radiodives",17.9026391666667,12.5333333333333,-37.1639,146.062716666667,0.0340833333333333,0.0340833333333333,93.106975,84.3935533333333
"Eucalyptus ravensthorpensis",22.0405044736842,16.4263157894737,-33.5604524688368,120.104062258158,0.0157052631578947,0.0157052631578947,90.1036942105263,32.9106851052632
"Eucalyptus redimiculifera",23.5941664285714,17.1714285714286,-32.1538756594857,121.638745208657,0.0134,0.0134,88.1801098571429,23.5705115714286
"Eucalyptus resinifera x Eucalyptus tereticornis",24.818333,20.4,-27,153,0.0145,0.0145,83.711426,116.52553
"Eucalyptus rhodophloia",22.451666,16.8,-33.7,119.9167,0.0236,0.0236,89.76423,32.990356
"Eucalyptus robsonae",21.725834,15.4,-31.4667,151.1333,0.0293,0.0293,87.75548,70.52138
"Eucalyptus rowleyi",32.2827434307692,25.1246153846154,-22.4707692307692,120.527692307692,0.00424,0.00424,68.5983791692308,22.2346542153846
"Eucalyptus rubida x Eucalyptus viminalis",17.89375,12.35,-35.7417,149.575,0.04245,0.04245,89.10622,69.002553
"Eucalyptus rupestris",NA,26.1763157894737,-15.6806853573412,125.822869093841,NA,NA,NA,NA
"Eucalyptus saligna x Eucalyptus tereticornis",25.50375,21.05,-24.3333,151.41665,0.01035,0.01035,86.41195,86.541422
"Eucalyptus scabra",22.738333,17.4,-33.9833333,150.85,0.0319,0.0319,87.83159,69.519035
"Eucalyptus scopulorum",19.55553396,13.892,-29.6146803917,152.210720565472,0.002652,0.002652,88.193404,86.071866
"Eucalyptus smooth-bark",24.5207137142857,18.0714285714286,-31.4532142863429,119.215992062857,0.00751428571428571,0.00751428571428571,89.5730307142857,24.2892762857143
"Eucalyptus stellaris",16.5,12.1,-33.5,150.2833,0.0419,0.0419,90.805916,91.09493
"Eucalyptus Sullivan-Soak",21.5728490967742,15.7774193548387,-33.5920371460194,121.026244469032,NA,NA,90.9513575806452,32.4159428064516
"Eucalyptus taeniola",15.9791666,11.74,-41.56866,148.182,0.06308,0.06308,94.356682,80.328678
"Eucalyptus taylori",23.136667,16.1,-29.7667,151.1167,NA,NA,86.33975,60.744675
"Eucalyptus tenandrensis",22.91125,16.475,-31.06509274425,150.50530207775,0.025675,0.025675,87.7584,56.3433085
"Eucalyptus tephrophloia",19.9437505,14.6,-33.01,134.56665,0.024,0.024,90.7324725,59.932965
"Eucalyptus tinghaensis",20.6466666666667,14.62,-29.8644066666667,151.301726666667,0.0283133333333333,0.0283133333333333,87.2494528,69.5949119333333
"Eucalyptus Truslove",21.8789504444444,16.4222222222222,-33.3764650731444,122.746410137374,0.0101111111111111,0.0101111111111111,89.4434114444445,33.6991289259259
"Eucalyptus umbellata",23.956667,19,-29.9333,153.1,0.0397,0.0397,87.319084,110.30978
"Eucalyptus verrucosa",17.655834,12.4,-37.15,142.5,0.0217,0.0217,96.096436,69.23591
"Eucalyptus vesiculosa",NA,15.806382893617,-34.2539021276596,120.036880851064,NA,NA,NA,NA
"Eucalyptus viminalis x Eucalyptus ovata",17.489166,13.1,-37.8166667,144.2666667,0.0211,0.0211,93.53637,51.14675
"Eucalyptus virginea",19.8289411647059,15.4517647058824,-34.6317647058824,116.937647058824,0.0632541176470588,0.0632541176470588,91.3615301529412,78.8121477882353
"Eucalyptus viridans",21.5514585,15.775,-34.190623641825,126.1352504925,0.014825,0.014825,91.240825,33.5815025
"Eucalyptus volcanica",20.2325103850932,14.4981366459627,-30.7114338144522,149.776533261261,NA,NA,90.9438263726708,79.0042245714286
"Eucalyptus wubinensis",25.4805640923077,19.1153846153846,-30.0624152626515,116.730983955605,0.00463769230769231,0.00463769230769231,89.2201083461539,27.2410054307692
"Eucalyptus yarriambiack",21.76187525,15.6583333333333,-36.0405604629583,142.411125185183,0.007475,0.007475,92.698917,29.3930285
